3548,1,5,LAYING,0.9961,35699,0.996,WALKING_UPSTAIRS,0.0039,35699
4833,2,5,LAYING,0.9961,35635,0.996,WALKING_UPSTAIRS,0.0039,35667
6097,3,5,LAYING,0.9961,35631,0.996,WALKING_UPSTAIRS,0.0039,35655
7363,4,5,LAYING,0.9961,35629,0.996,WALKING_UPSTAIRS,0.0039,35648
8647,5,5,LAYING,0.9961,35654,0.996,WALKING_UPSTAIRS,0.0039,35649
9932,6,5,LAYING,0.9961,35624,0.996,WALKING_UPSTAIRS,0.0039,35645
11216,7,5,LAYING,0.9961,35659,0.996,WALKING_UPSTAIRS,0.0039,35647
12500,8,5,LAYING,0.9961,35669,0.996,WALKING_UPSTAIRS,0.0039,35650
13784,9,5,LAYING,0.9961,35690,0.996,WALKING_UPSTAIRS,0.0039,35654
15069,10,5,LAYING,0.9961,35638,0.996,WALKING_UPSTAIRS,0.0039,35652
16353,11,5,LAYING,0.9961,35636,0.996,WALKING_UPSTAIRS,0.0039,35651
17637,12,5,LAYING,0.9961,35638,0.996,WALKING_UPSTAIRS,0.0039,35650
18921,13,5,LAYING,0.9961,35641,0.996,WALKING_UPSTAIRS,0.0039,35649
20205,14,5,LAYING,0.9961,35638,0.996,WALKING_UPSTAIRS,0.0039,35648
21490,15,5,LAYING,0.9961,35679,0.996,WALKING_UPSTAIRS,0.0039,35650
22774,16,5,LAYING,0.9961,35628,0.996,WALKING_UPSTAIRS,0.0039,35649
24059,17,5,LAYING,0.9961,35626,0.996,WALKING_UPSTAIRS,0.0039,35647
25343,18,5,LAYING,0.9961,35624,0.996,WALKING_UPSTAIRS,0.0039,35646
26627,19,5,LAYING,0.9961,35633,0.996,WALKING_UPSTAIRS,0.0039,35645
27911,20,5,LAYING,0.9961,35632,0.996,WALKING_UPSTAIRS,0.0039,35645
29195,21,5,LAYING,0.9961,35660,0.996,WALKING_UPSTAIRS,0.0039,35645
30479,22,5,LAYING,0.9961,35663,0.996,WALKING_UPSTAIRS,0.0039,35646
run_timer,elapsed_ms=30000,elapsed_s=30,window_count=22,status=running

