3326,1,0,WALKING,0.7617,34110,0.762,WALKING_DOWNSTAIRS,0.2344,34110
4610,2,0,WALKING,0.7070,34093,0.707,WALKING_DOWNSTAIRS,0.2773,34101
5895,3,0,WALKING,0.7148,34136,0.715,WALKING_DOWNSTAIRS,0.2578,34113
7179,4,0,WALKING,0.7422,34095,0.742,WALKING_DOWNSTAIRS,0.2461,34108
8464,5,0,WALKING,0.7422,34101,0.742,WALKING_DOWNSTAIRS,0.2461,34107
9748,6,0,WALKING,0.6562,34115,0.656,WALKING_DOWNSTAIRS,0.3320,34108
11032,7,0,WALKING,0.7617,34115,0.762,WALKING_DOWNSTAIRS,0.2344,34109
12316,8,0,WALKING,0.8359,34077,0.836,WALKING_DOWNSTAIRS,0.1523,34105
13601,9,0,WALKING,0.7930,34099,0.793,WALKING_DOWNSTAIRS,0.1875,34104
14885,10,0,WALKING,0.7109,34123,0.711,WALKING_DOWNSTAIRS,0.2812,34106
16170,11,0,WALKING,0.5391,34097,0.539,WALKING_DOWNSTAIRS,0.4570,34105
17455,12,0,WALKING,0.6211,34117,0.621,WALKING_DOWNSTAIRS,0.3750,34106
18720,13,0,WALKING,0.6602,34099,0.660,WALKING_DOWNSTAIRS,0.3359,34105
20005,14,0,WALKING,0.6602,34089,0.660,WALKING_DOWNSTAIRS,0.3359,34104
21291,15,0,WALKING,0.6953,34103,0.695,WALKING_DOWNSTAIRS,0.2969,34104
22576,16,0,WALKING,0.6172,34102,0.617,WALKING_DOWNSTAIRS,0.3711,34104
23861,17,0,WALKING,0.5391,34090,0.539,WALKING_DOWNSTAIRS,0.4531,34103
25147,18,0,WALKING,0.4961,34117,0.496,WALKING_DOWNSTAIRS,0.4961,34104
26433,19,0,WALKING,0.5195,34111,0.520,WALKING_DOWNSTAIRS,0.4766,34104
27719,20,0,WALKING,0.6016,34115,0.602,WALKING_DOWNSTAIRS,0.3945,34105

