3590,1,0,WALKING,0.9766,35679,0.977,WALKING_UPSTAIRS,0.0156,35679
4874,2,0,WALKING,0.9922,35663,0.992,WALKING_DOWNSTAIRS,0.0078,35671
6158,3,0,WALKING,0.9961,35669,0.996,WALKING_DOWNSTAIRS,0.0039,35670
7442,4,0,WALKING,0.9492,35639,0.949,STANDING,0.0234,35662
8727,5,0,WALKING,0.9648,35666,0.965,WALKING_UPSTAIRS,0.0195,35663
10011,6,0,WALKING,0.9961,35677,0.996,WALKING_DOWNSTAIRS,0.0039,35665
11276,7,0,WALKING,0.9961,35672,0.996,WALKING_UPSTAIRS,0.0000,35666
12561,8,0,WALKING,0.9961,35634,0.996,WALKING_UPSTAIRS,0.0039,35662
13846,9,0,WALKING,0.9648,35640,0.965,WALKING_UPSTAIRS,0.0312,35659
15131,10,0,WALKING,0.9922,35648,0.992,WALKING_DOWNSTAIRS,0.0078,35658
16415,11,0,WALKING,0.9961,35633,0.996,WALKING_DOWNSTAIRS,0.0039,35656
17699,12,0,WALKING,0.9961,35633,0.996,WALKING_UPSTAIRS,0.0000,35654
18984,13,0,WALKING,0.9922,35649,0.992,WALKING_DOWNSTAIRS,0.0078,35654
20268,14,0,WALKING,0.9414,35663,0.941,WALKING_DOWNSTAIRS,0.0430,35654
21552,15,0,WALKING,0.9102,35641,0.910,WALKING_UPSTAIRS,0.0508,35653
22836,16,0,WALKING,0.9102,35663,0.910,WALKING_UPSTAIRS,0.0586,35654
24100,17,0,WALKING,0.9883,35678,0.988,WALKING_DOWNSTAIRS,0.0078,35655
25383,18,0,WALKING,0.9922,35635,0.992,WALKING_DOWNSTAIRS,0.0039,35654
26666,19,0,WALKING,0.9844,35635,0.984,WALKING_UPSTAIRS,0.0078,35653
27949,20,0,WALKING,0.9141,35646,0.914,WALKING_UPSTAIRS,0.0664,35653
29233,21,0,WALKING,0.8984,35649,0.898,WALKING_UPSTAIRS,0.0859,35652
30516,22,0,WALKING,0.9961,35597,0.996,WALKING_DOWNSTAIRS,0.0039,35650


